Province,W_Wind,W_PV,W_hydro,W_nuclear,elec_cons,rest
Inner Mongolia,7143000000.0,14167000000.0,41162310.0,0.0,762479993.9000001,20588682316.1
Heilongjiang,1937000000.0,394000000.0,49365733.333333336,18133200.0,203788529.5,2194710403.8333335
Jilin,861000000.0,466000000.0,49801313.333333336,42573600.0,159800401.8,1259574511.5333333
Liaoning,777000000.0,238000000.0,34606831.0,148708008.0,484547143.4,713767695.6
Gansu,718000000.0,4128000000.0,80244725.5,0.0,278128175.40000004,4648116550.1
Ningxia,241000000.0,391000000.0,24773612.5,0.0,212593763.79999998,444179848.70000005
Qinghai,379000000.0,6491000000.0,111867833.5,0.0,154753532.3,6827114301.2
Shaanxi,448000000.0,458000000.0,69627463.0,0.0,381883602.7,593743860.3
Xinjiang,1293000000.0,29265000000.0,64150044.5,0.0,634960990.4,29987189054.1
Beijing,0.0,72000000.0,3237811.3333333335,197100.0,229911002.5,-154476091.1666667
Hebei,988000000.0,587000000.0,124031405.0,98550000.0,796993585.0,1000587820.0
Shandong,1636000000.0,552000000.0,29692036.666666668,159485436.0,1388288445.0,988889027.6666665
Shanxi,364000000.0,439000000.0,87116000.0,0.0,479229540.5,410886459.5
Tianjin,42000000.0,50000000.0,5081766.666666667,0.0,179747917.29999998,-82666150.63333331
Chongqing,108000000.0,3000000.0,39877349.0,39420000.0,244553811.79999998,-54256462.79999998
Guizhou,296000000.0,105000000.0,115971360.08333334,21286800.0,322402583.59999996,215855576.4833334
Sichuan,621000000.0,182000000.0,456055889.8333334,31536000.0,594041077.2,696550812.6333334
Tibet,1375000000.0,6177000000.0,308557612.3333334,0.0,17671493.43,7842886118.903333
Guangdong,1977000000.0,257000000.0,145541797.33333334,449671824.0,1431445528.0,1397768093.3333335
Guangxi,708000000.0,222000000.0,122356236.91666667,157143888.0,413206250.90000004,796293874.0166664
Hainan,563000000.0,33000000.0,12348693.0,31118148.0,74349568.92,565117272.08
Yunnan,374000000.0,159000000.0,316365383.8333334,0.0,403678285.2,445687098.6333334
Henan,869000000.0,377000000.0,85155890.0,59130000.0,682085630.2,708200259.8
Hubei,558000000.0,188000000.0,236951890.1666667,110376000.0,446496984.40000004,646830905.7666667
Hunan,462000000.0,96000000.0,139813920.33333334,78840000.0,395356143.2,381297777.1333334
Jiangxi,423000000.0,109000000.0,49166092.5,50063400.0,337640612.0,293588880.5
Anhui,679000000.0,280000000.0,54048218.333333336,110376000.0,497861917.6,625562300.7333335
Fujian,957000000.0,102000000.0,82825537.0,201972312.0,514712774.70000005,829085074.3
Jiangsu,1200000000.0,372000000.0,25953308.333333336,72043992.0,1304554971.0,365442329.33333325
Shanghai,150000000.0,51000000.0,0.0,0.0,322026996.0,-121026996.0
Zhejiang,1163000000.0,121000000.0,153418535.6666667,205039188.0,1000808748.0,641648975.6666667
National,29308000000.0,66529000000.0,3119166601.0,2085664896.0,15349999999.649998,85691831497.35
